*Vertices 135
1 "1" -164.27257 -5.7068515 0.0
2 "2" 54.64523 -59.616077 0.0
3 "3" -149.92244 129.25774 0.0
4 "4" 197.70793 -118.7806 0.0
5 "5" 98.946915 -131.08539 0.0
6 "6" -93.9864 1.8032931 0.0
7 "7" 55.22604 -124.06652 0.0
8 "8" -86.39064 -97.214294 0.0
9 "9" 135.89342 112.87467 0.0
10 "10" -162.73302 39.17777 0.0
11 "11" 91.964294 -169.48868 0.0
12 "12" 30.20526 -134.85075 0.0
13 "13" -131.22499 200.9778 0.0
14 "14" -102.56182 212.25679 0.0
15 "15" 159.51588 -142.18315 0.0
16 "16" -103.36135 -34.285015 0.0
17 "17" 42.50328 200.7017 0.0
18 "18" -2.7657125 -69.72499 0.0
19 "19" 122.759315 80.81166 0.0
20 "20" -18.218508 -33.27105 0.0
21 "21" -108.953224 3.5438325 0.0
22 "22" -152.50926 -167.989 0.0
23 "23" -31.41619 -131.554 0.0
24 "24" 102.10512 70.31991 0.0
25 "25" -76.757935 -88.041275 0.0
26 "26" -52.83844 -20.360111 0.0
27 "27" 23.109215 -73.24108 0.0
28 "28" 202.99315 -82.50897 0.0
29 "29" -164.1244 202.19867 0.0
30 "30" 153.65807 211.6923 0.0
31 "31" -12.417373 163.53769 0.0
32 "32" 76.30946 -93.62553 0.0
33 "33" 61.848354 183.3701 0.0
34 "34" 68.34889 -99.56746 0.0
35 "35" -49.23555 96.84933 0.0
36 "36" 97.033195 -74.939 0.0
37 "37" -38.763798 173.01852 0.0
38 "38" -29.966385 58.967907 0.0
39 "39" -164.38402 -122.24328 0.0
40 "40" -38.226006 -105.68272 0.0
41 "41" 163.05807 -90.44601 0.0
42 "42" -70.7976 43.402134 0.0
43 "43" -161.89857 97.53202 0.0
44 "44" 111.979485 215.50357 0.0
45 "45" -134.43523 -178.16985 0.0
46 "46" 35.894394 -4.654776 0.0
47 "47" 115.91659 -150.32082 0.0
48 "48" -175.35251 -80.99612 0.0
49 "49" 2.8607767 76.18896 0.0
50 "50" -26.03284 -129.9077 0.0
51 "51" 84.95685 -182.92105 0.0
52 "52" 53.355946 8.481406 0.0
53 "53" 85.6715 21.283676 0.0
54 "54" -125.410095 -4.216287 0.0
55 "55" 181.33688 54.568275 0.0
56 "56" 2.42241 -3.7282503 0.0
57 "57" -175.93143 -49.007133 0.0
58 "58" 81.7726 208.85936 0.0
59 "59" -153.2253 -162.73322 0.0
60 "60" 117.006065 125.22619 0.0
61 "61" -60.03428 5.7376313 0.0
62 "62" -37.256046 -88.880844 0.0
63 "63" -4.8476586 -155.03716 0.0
64 "64" -128.03532 -127.68229 0.0
65 "65" -122.80253 -67.48549 0.0
66 "66" -4.0095973 -106.29724 0.0
67 "67" -81.93414 -147.12834 0.0
68 "68" 42.27882 -170.67766 0.0
69 "69" -183.00645 -76.043045 0.0
70 "70" -130.23125 73.300476 0.0
71 "71" -112.82287 -0.9218902 0.0
72 "72" 37.85604 155.88795 0.0
73 "73" 106.661194 56.737488 0.0
74 "74" -176.09505 185.90822 0.0
75 "75" 11.179893 198.9763 0.0
76 "76" 185.52739 100.30336 0.0
77 "77" 109.2879 -50.376884 0.0
78 "78" 167.69154 183.43903 0.0
79 "79" 5.192405 -22.98085 0.0
80 "80" 141.0488 -16.719694 0.0
81 "81" 182.27748 -38.503227 0.0
82 "82" 6.6961894 -21.496744 0.0
83 "83" -169.6104 -113.91039 0.0
84 "84" -86.08001 -59.93971 0.0
85 "85" 192.53117 149.65688 0.0
86 "86" -88.706154 -117.32948 0.0
87 "87" 61.6869 184.80678 0.0
88 "88" 87.83307 -183.8406 0.0
89 "89" 76.087074 108.707756 0.0
90 "90" 159.73508 -16.474735 0.0
91 "91" 141.28807 143.07883 0.0
92 "92" -80.43638 -87.93691 0.0
93 "93" 50.030163 110.35353 0.0
94 "94" -111.43695 5.8291717 0.0
95 "95" -24.089735 -153.78424 0.0
96 "96" 99.11666 -27.816092 0.0
97 "97" 184.48495 64.40765 0.0
98 "98" 183.1915 102.10209 0.0
99 "99" 35.49796 67.9141 0.0
100 "100" -146.06007 -86.6058 0.0
101 "101" -57.496033 121.33077 0.0
102 "102" -158.54344 -82.06531 0.0
103 "103" 11.23878 -117.57401 0.0
104 "104" 180.01723 -111.55337 0.0
105 "105" -4.335818 36.60958 0.0
106 "106" -157.0454 177.34506 0.0
107 "107" 190.69366 186.22572 0.0
108 "108" -117.34615 179.59483 0.0
109 "109" -76.8162 117.28881 0.0
110 "110" -143.02141 -66.50851 0.0
111 "111" 207.85355 199.48553 0.0
112 "112" 9.767198 -82.27315 0.0
113 "113" -97.62769 -129.03094 0.0
114 "114" -178.13417 -69.94541 0.0
115 "115" -74.06435 117.67367 0.0
116 "116" -39.505447 122.32362 0.0
117 "117" 198.22575 177.58311 0.0
118 "118" 128.56915 -181.3995 0.0
119 "119" 110.73122 -16.413198 0.0
120 "120" -148.06906 -142.44469 0.0
121 "121" -40.019802 104.26293 0.0
122 "122" 41.264244 -122.761734 0.0
123 "123" -147.68243 150.12978 0.0
124 "124" -173.1909 -0.17223196 0.0
125 "125" 132.43576 -16.390127 0.0
126 "126" 87.80575 -24.116446 0.0
127 "127" 192.94716 4.154709 0.0
128 "128" -115.06537 12.09166 0.0
129 "129" 189.86339 75.68102 0.0
130 "130" -147.15561 -166.55864 0.0
131 "131" -81.07446 121.672325 0.0
132 "132" -78.81167 20.226816 0.0
133 "133" 100.30739 -165.9965 0.0
134 "134" -93.58233 -87.77987 0.0
135 "135" -25.70867 -75.2523 0.0
*Edges
1 2 2.0
1 3 2.0
1 13 2.0
2 3 2.0
4 8 2.0
4 11 2.0
4 13 2.0
4 132 2.0
5 12 2.0
5 14 2.0
5 70 2.0
5 74 2.0
6 9 2.0
6 10 2.0
7 15 2.0
7 43 2.0
7 44 2.0
8 31 2.0
8 131 2.0
9 10 2.0
9 18 2.0
9 22 2.0
10 11 2.0
10 12 2.0
10 13 2.0
10 14 2.0
10 16 2.0
11 24 2.0
11 27 2.0
11 73 2.0
12 13 2.0
12 15 2.0
12 18 2.0
12 22 2.0
12 25 2.0
12 27 2.0
12 41 2.0
12 70 2.0
12 71 2.0
12 75 2.0
14 15 2.0
14 16 2.0
14 23 2.0
15 16 2.0
15 22 2.0
16 17 2.0
16 18 2.0
16 34 2.0
17 18 2.0
19 20 2.0
19 21 2.0
19 31 2.0
20 21 2.0
21 35 2.0
21 39 2.0
22 24 2.0
22 25 2.0
22 36 2.0
23 25 2.0
24 26 2.0
26 28 2.0
26 41 2.0
27 30 2.0
27 68 2.0
27 132 2.0
28 29 2.0
28 35 2.0
28 41 2.0
29 41 2.0
30 131 2.0
31 83 2.0
32 33 2.0
32 34 2.0
32 99 2.0
33 34 2.0
33 42 2.0
33 44 2.0
33 45 2.0
33 46 2.0
34 58 2.0
34 99 2.0
35 45 2.0
35 46 2.0
36 42 2.0
37 40 2.0
37 130 2.0
38 39 2.0
38 40 2.0
38 56 2.0
38 61 2.0
39 40 2.0
41 42 2.0
41 43 2.0
41 51 2.0
41 53 2.0
43 51 2.0
43 76 2.0
44 46 2.0
44 49 2.0
44 51 2.0
45 48 2.0
45 50 2.0
45 77 2.0
46 47 2.0
47 49 2.0
47 54 2.0
47 62 2.0
47 64 2.0
47 67 2.0
47 76 2.0
47 85 2.0
47 86 2.0
48 49 2.0
48 50 2.0
48 133 2.0
49 50 2.0
51 52 2.0
51 118 2.0
52 63 2.0
52 79 2.0
53 54 2.0
53 56 2.0
54 55 2.0
54 56 2.0
54 61 2.0
54 63 2.0
54 67 2.0
55 56 2.0
56 57 2.0
56 59 2.0
56 61 2.0
56 64 2.0
57 61 2.0
57 67 2.0
57 68 2.0
58 74 2.0
58 128 2.0
59 66 2.0
59 67 2.0
59 86 2.0
60 79 2.0
60 85 2.0
60 128 2.0
62 63 2.0
62 64 2.0
62 66 2.0
62 69 2.0
62 71 2.0
62 76 2.0
62 86 2.0
63 64 2.0
63 68 2.0
67 85 2.0
67 86 2.0
67 118 2.0
68 69 2.0
68 118 2.0
69 77 2.0
69 85 2.0
69 106 2.0
69 118 2.0
70 71 2.0
70 72 2.0
70 74 2.0
70 75 2.0
71 73 2.0
71 74 2.0
71 75 2.0
72 73 2.0
72 74 2.0
72 125 2.0
73 74 2.0
74 75 2.0
76 118 2.0
76 129 2.0
77 118 2.0
78 79 2.0
78 81 2.0
78 83 2.0
79 81 2.0
79 88 2.0
79 127 2.0
79 129 2.0
80 81 2.0
80 83 2.0
80 84 2.0
80 123 2.0
81 82 2.0
81 83 2.0
81 84 2.0
81 85 2.0
81 87 2.0
81 88 2.0
81 123 2.0
81 127 2.0
82 83 2.0
82 84 2.0
83 84 2.0
84 126 2.0
85 86 2.0
85 87 2.0
85 88 2.0
85 111 2.0
85 119 2.0
85 123 2.0
86 88 2.0
86 119 2.0
86 126 2.0
86 127 2.0
86 129 2.0
87 88 2.0
88 127 2.0
88 128 2.0
89 90 2.0
90 95 2.0
90 124 2.0
91 92 2.0
91 95 2.0
91 103 2.0
92 93 2.0
92 95 2.0
92 125 2.0
93 94 2.0
93 96 2.0
93 98 2.0
93 105 2.0
93 106 2.0
93 110 2.0
93 124 2.0
93 125 2.0
94 95 2.0
94 96 2.0
94 98 2.0
94 110 2.0
94 117 2.0
94 124 2.0
94 125 2.0
95 98 2.0
95 105 2.0
96 99 2.0
96 117 2.0
97 99 2.0
97 121 2.0
98 100 2.0
98 105 2.0
98 110 2.0
98 121 2.0
99 100 2.0
99 101 2.0
99 103 2.0
99 108 2.0
99 120 2.0
99 121 2.0
99 122 2.0
100 101 2.0
101 103 2.0
101 105 2.0
101 120 2.0
102 103 2.0
102 104 2.0
103 104 2.0
103 106 2.0
103 107 2.0
103 108 2.0
103 112 2.0
103 120 2.0
103 121 2.0
105 106 2.0
105 113 2.0
105 116 2.0
106 108 2.0
106 109 2.0
106 113 2.0
106 114 2.0
106 115 2.0
107 108 2.0
107 109 2.0
107 111 2.0
107 115 2.0
107 124 2.0
107 125 2.0
108 109 2.0
108 110 2.0
108 111 2.0
108 120 2.0
109 112 2.0
109 115 2.0
109 120 2.0
110 111 2.0
110 116 2.0
111 112 2.0
111 113 2.0
112 114 2.0
112 115 2.0
113 114 2.0
113 116 2.0
113 117 2.0
114 115 2.0
114 116 2.0
114 117 2.0
114 118 2.0
114 126 2.0
115 116 2.0
115 117 2.0
116 117 2.0
119 128 2.0
119 129 2.0
120 121 2.0
120 122 2.0
121 122 2.0
123 132 2.0
124 125 2.0
124 127 2.0
126 130 2.0
126 132 2.0
127 128 2.0
130 131 2.0
133 135 2.0
